|0|1|2|3
0|0.4691122999071863|-0.2828633443286633|-1.5090585031735124|-1.1356323710171934
1|1.2121120250208506|-0.1732146490533086|0.11920871129693428|-1.0442359662799567
2|-0.8618489633477999|-2.1045692188948086|-0.4949292740687813|1.0718038070373377
3|0.7215551622443669|-0.7067711336300845|-1.0395749851146963|0.27185988554282986
4|-0.42497232978883753|0.567020349793672|0.27623201927771873|-1.0874006912859915
5|-0.6736897080883703|0.11364840968888545|-1.4784265524372233|0.5249876671147046
6|0.40470521868023657|0.5770459859204837|-1.7150020161146375|-1.0392684835147725
7|-0.3706468582364464|-1.157892250641999|-1.344311812731667|0.8448851414248841
8|1.0757697837155535|-0.10904997528022223|1.6435630703622062|-1.4693879595399115
9|0.35702056413309086|-0.6746001037299882|-1.776903716971867|-0.9689138124473498